id,EAP,HPL,MWS
id02310,0.40172733763794910011,0.00420831154157088293,0.59406435082046527008
id24541,0.99999945521651556479,0.00000054478172631684,0.00000000000177892345
id00134,0.94519778950876198742,0.05479183409776703512,0.00001037639346692955
id27757,0.99992541028287795779,0.00007458270793131392,0.00000000700922310322
id04081,0.94177450222822012282,0.04051930564205726004,0.01770619212971611192
id27337,0.99998029014237199696,0.00001965363944318341,0.00000005621817953478
id24265,0.99878644216926670829,0.00086400475368558262,0.00034955307705514336
id25917,0.38735569983959355911,0.01348103037288245730,0.59916326978751166532
id04951,0.99975103019536903926,0.00024884273267250577,0.00000012707194178113
id14549,0.97723172261228341551,0.01059964823440037035,0.01216862915331631823
id22505,0.66805066061961371204,0.00047762289726467155,0.33147171648313139558
id24002,0.45439784423005558089,0.54558881792932678589,0.00001333784062757329
id18982,0.86015188621420679560,0.00310127803385832138,0.13674683575193891105
id15181,0.57612325962217714181,0.42360017372759772858,0.00027656665022981336
id21888,0.97712907781441415977,0.00607295347716645378,0.01679796870841618675
id12035,0.26773361913652843347,0.04865147709686000466,0.68361490376661460111
id17991,0.81758796974849257122,0.00162210191752316154,0.18078992833397497519
id10707,0.99998693390793225166,0.00001306299992327173,0.00000000309213394397
id07101,0.95038144503442578692,0.00026137608193616495,0.04935717888365181300
id00345,0.99817173050410001878,0.00169080875566713631,0.00013746074023928702
id05912,0.98944381273509274255,0.00868842619491216883,0.00186776106999977584
id13443,0.99693603850428857971,0.00302969575872549281,0.00003426573697309813
id09248,0.89098691366655735635,0.01822308200428323158,0.09079000432915926289
id17542,0.57347027782166248855,0.40477767656971763710,0.02175204560861874331
id06995,0.45860586450221813015,0.00005802221460958968,0.54133611328317587930
id25159,0.80713737339388613723,0.04731828349434653164,0.14554434311177286143
id25729,0.99907360160417768569,0.00064425829388024098,0.00028214010195078316
id26949,0.99416287618782439583,0.00555847576398787926,0.00027864804818398322
id27191,0.69740189180700962179,0.00000481196165293623,0.30259329623135872156
id07668,0.93676736018392414707,0.00000002768161825726,0.06323261213446580709
id02230,0.41273600785163028215,0.01357909004913892582,0.57368490209922018419
id15553,0.99999998092881159373,0.00000001901601359117,0.00000000005518128158
id25688,0.31899671469026102955,0.68085997323756930477,0.00014331207216070410
id17545,0.94555590663258570761,0.04994078993730120819,0.00450330343011101294
id13929,0.80073689788711022164,0.05672963385103144823,0.14253346826186030771
id12880,0.94818917804188507237,0.04581514643789058594,0.00599567552023324429
id19282,0.96504123139532349551,0.01601335661090688700,0.01894541199377456145
id14690,0.28984396988990229760,0.06396594704998789793,0.64619008306010838893
id17975,0.77844953606601485774,0.19418463767657218044,0.02736582625741300692
id08037,0.99999855929386838316,0.00000051076070246882,0.00000092994541236960
id15412,0.49237715575456286743,0.01354120752691433463,0.49408163671851940135
id25032,0.56979414910247749848,0.05533413392640650075,0.37487171697111376645
id27165,0.99432010288434491407,0.00561970099213651708,0.00006019612351823051
id03327,0.99943031679980054438,0.00056164359553005866,0.00000803960465346803
id18515,0.99910058285866076844,0.00082235503589716673,0.00007706210544610740
id21003,0.43520777944374716695,0.00902305431020827310,0.55576916624603156514
id23855,0.33473953772344927637,0.41187596964257622290,0.25338449263396867206
id20724,0.84579492032893766051,0.06985142324133000735,0.08435365642973326195
id13303,0.99560593807168218383,0.00117450732412757220,0.00321955460418454128
id16521,0.40040587812041356086,0.00406260909776472081,0.59553151278180871397
id20775,0.99999998551634194932,0.00000001434193090457,0.00000000014173622999
id13029,0.99897428547633038143,0.00101221572225957388,0.00001349880140232750
id14660,0.98964599710032263857,0.00788941798896219439,0.00246458491070672414
id11028,0.31253572980338034659,0.00539032588607075373,0.68207394431054424455
id14180,0.99918348683840307878,0.00079229333405483892,0.00002421982753255047
id25860,0.99999617417784192330,0.00000382573634438210,0.00000000008582623754
id11910,0.59506517684880244623,0.03184413955009530312,0.37309068360109720608
id08065,0.51583760854500460002,0.00471359704002656012,0.47944879441496146555
id22674,0.40112641709756929886,0.00005131965001283306,0.59882226325243248510
id25018,0.79304077334771894137,0.00020246515074367227,0.20675676150153535215
id10892,0.67862188913275856006,0.32129101563483081216,0.00008709523239530563
id10217,0.99947682816605420975,0.00052280115144244434,0.00000037068248054995
id12996,0.47586010479958629205,0.02972027403067488416,0.49441962116973642294
id18262,0.99999589878625150252,0.00000244836964578991,0.00000165284409897025
id08606,0.45463449054375804081,0.54494676207055259276,0.00041874738571240897
id17233,0.89026241433691577498,0.04366216366897139600,0.06607542199411232942
id00101,0.98331786185654679322,0.01430563409959598707,0.00237650404386148496
id12225,0.86773079355521631761,0.07277630342517392437,0.05949290301961267236
id01364,0.91140661820333801479,0.08799153216841090752,0.00060184962826001834
id24973,0.97568995925984480788,0.00480398085892091639,0.01950605988122911666
id25363,0.99999814224052585576,0.00000000000027799182,0.00000185775922369871
id10061,0.99920600953400173783,0.00003577974614169425,0.00075821071988501016
id17673,0.99762567473270946650,0.00161485709316082772,0.00075946817413628581
id13249,0.51325880457862371742,0.06910736987004006959,0.41763382555133526930
id10107,0.39617903871482434974,0.00357254285388384704,0.60024841843128717844
id04403,0.99999402399766124105,0.00000596969120691545,0.00000000631115223663
id25728,0.98276022054114109405,0.01258614488419728360,0.00465363457466763664
id16184,0.53828691996382094231,0.10135525447550801370,0.36035782556067180726
id03438,0.40000011891123765650,0.00084507136871454476,0.59915480972003376525
id22923,0.79812220268348166297,0.20157901484141960147,0.00029878247510292633
id08610,0.99993875538237309009,0.00005927805642965335,0.00000196656118093984
id25355,0.40401708624015642002,0.00630984928323500161,0.58967306447660872148
id16916,0.95999373382731700843,0.03775788349323671439,0.00224838267944965555
id12793,0.99963054436069054276,0.00036646611176822285,0.00000298952753168748
id11859,0.96571013485941770149,0.00329632840015108919,0.03099353674042422749
id02434,0.99999996591464856976,0.00000003408535013121,0.00000000000000136233
id27703,0.39937679107979340287,0.00046684418563467436,0.60015636473456712707
id25212,0.99422955934378731691,0.00541047952973418549,0.00035996112650939736
id11308,0.32237838317128209020,0.05858121076417212303,0.61904040606454890927
id26094,0.99838262594794380256,0.00159916731999175019,0.00001820673207364109
id22080,0.87887035097574917053,0.10292503652612282339,0.01820461249812722199
id03545,0.99503949444185724182,0.00495272191862795516,0.00000778363952097573
id23725,0.39072240971480859395,0.00947363072231921337,0.59980395956287568815
id12009,0.98692510622779172635,0.00858248396925346928,0.00449240980296015079
id24241,0.68975469938151579008,0.09026358016128452344,0.21998172045720199019
id03596,0.77817138441902389268,0.22159595179907889961,0.00023266378190365758
id10749,0.97803692290435462198,0.02011289901990886281,0.00185017807572275734
id22794,0.39583868912071579205,0.00415056467463027420,0.60001074620462402365
id15482,0.99428765551270648082,0.00344172967712869917,0.00227061481015860839
id04833,0.99892354162052565680,0.00106174312469886536,0.00001471525476985880
id00397,0.40579903373171594128,0.00000001022283845294,0.59420095604546263601
id14691,0.40173923365212349523,0.00001507077341091717,0.59824569557445927970
id05193,0.48380911998724318579,0.00980639358766926574,0.50638448642508104847
id19541,0.99975504326854136572,0.00012217790520857323,0.00012277882625612868
id22166,0.39997249481381702552,0.00002726123704005099,0.60000024394917106374
id20744,0.33748632228799030353,0.00200611092573879874,0.66050756678626154628
id10392,0.39999953222681522425,0.00000046909836696427,0.59999999867483944094
id00770,0.99991149335155982136,0.00008348579934821326,0.00000502084909148575
id06018,0.99872757558530822486,0.00072826838355547949,0.00054415603114695780
id15678,0.58353723013530045538,0.00013268126895299730,0.41633008859574804905
id08305,0.68387948341502802219,0.25542390201323217358,0.06069661457173980423
id08903,0.39217838941737509506,0.03046818419538158476,0.57735342638724418407
id14752,0.99802550923126287508,0.00193420735886357673,0.00004028340986090607
id12468,0.90394378507298311920,0.09601347601428694700,0.00004273891273096562
id05085,0.99324770342274604218,0.00656166950336028315,0.00019062707389777691
id21993,0.62344597233688692217,0.00259167022272982234,0.37396235744038425208
id15503,0.97463450415447472341,0.01943333301634233776,0.00593216282917790640
id03021,0.40910516106767191857,0.59089470892796314150,0.00000013000434641959
id16123,0.99934935046475870113,0.00065064648518301231,0.00000000305005826178
id19383,0.99781691238564873547,0.00218248468856616952,0.00000060292578095703
id04186,0.99976219222691864452,0.00021727476877573642,0.00002053300429237083
id17954,0.39999209194025608927,0.00001533261611499128,0.59999257544365292016
id12030,0.51576029109681265084,0.01930997168923152471,0.46492973721395369768
id13020,0.99014111218753353416,0.00939987552050732152,0.00045901229195372613
id25327,0.39716191286147561890,0.00309678712549836272,0.59974130001305958615
id16344,0.67611074816092353590,0.01592866029217831700,0.30796059154689364723
id12303,0.99193981640689687929,0.00541204094369931391,0.00264814264940780447
id15017,0.99999999919525695002,0.00000000080474300433,0.00000000000000200151
id22308,0.90215960057753052936,0.00950301307006470170,0.08833738635241306092
id06536,0.39995716947685244769,0.00006283530937190684,0.59997999521377154419
id19797,0.46752617994063994100,0.47776520456821852667,0.05470861549114407196
id06332,0.99214503224404837489,0.00370591882297691610,0.00414904893295898330
id22941,0.61318932816018134613,0.03923412505894231100,0.34757654678086136180
id13547,0.39416083465133244790,0.00793056099106050592,0.59790860435761072900
id06928,0.37995657279248556959,0.01726580164953682786,0.60277762555797098631
id12521,0.99850617722786427777,0.00145490233597396837,0.00003892043614513373
id25716,0.84734687063418823172,0.02567000940060641667,0.12698311996520689204
id27116,0.39942721615231313592,0.00031923404984818260,0.60025354979782707954
id19941,0.66163666962965639318,0.32921245487292200016,0.00915087549740963707
id05711,0.38938948166382608695,0.00022482789271064803,0.61038569044345347692
id02097,0.39391112361860136648,0.00608866798751978282,0.60000020839387235849
id03563,0.94049019440878822707,0.05950136153652073323,0.00000844405470156749
id02295,0.28857539636806744943,0.64164787909566101121,0.06977672453627443983
id08179,0.99999999999980149212,0.00000000000019851258,0.00000000000000000000
id05332,0.47499836658075145213,0.47592987453591556468,0.04907175888333744490
id15697,0.99996761567537406634,0.00000194204177950464,0.00003044228287113553
id17026,0.39329020713458467950,0.02763146968695524147,0.57907832317846685832
id04243,0.99500090647445238456,0.00499456693212612865,0.00000452659342164195
id13175,0.99997038020591122454,0.00002961979284481701,0.00000000000124385872
id05387,0.99991402430526044043,0.00008302097482425772,0.00000295471988618432
id19989,0.99935248201945836577,0.00049746919815685903,0.00015004878239258213
id25173,0.71551786984572185446,0.00258055326321552595,0.28190157689104766714
id08925,0.68647615054840471771,0.31304603984174794729,0.00047780960985581233
id03034,0.66994017919798831695,0.20641753260245798707,0.12364228819957033545
id13272,0.33993504953716568995,0.65992583685052952358,0.00013911361228845803
id07956,0.99299739826742150495,0.00174112647274421309,0.00526147525982702084
id02648,0.12413646782364176624,0.13295437272506660520,0.74290915945129021303
id01778,0.42108371755212348209,0.01703262632338334304,0.56188365612449631126
id12846,0.39967648303580732838,0.00034393482188393190,0.59997958214231283947
id19001,0.82195658046048092338,0.00162268563373847122,0.17642073390577056591
id05763,0.97365022712614757161,0.01661413068685025154,0.00973564218700659692
id15590,0.37230016191837295159,0.00282716896675846681,0.62487266911486216703
id04912,0.99347655631120956876,0.00380789764867678782,0.00271554604012721112
id21201,0.99901214328663279218,0.00096910152655071849,0.00001875518681409569
id13215,0.99986620631148626082,0.00005411851782525122,0.00007967517069510367
id15612,0.84161568601899894304,0.15298745512081557418,0.00539685886017863409
id18501,0.85237402564374631364,0.00061208457005451058,0.14701388978618593062
id07223,0.87312915750015251959,0.05395521928178250576,0.07291562321806284441
id06707,0.81455996611058312240,0.05304361472694819890,0.13239641916246264186
id05238,0.39339007566393419113,0.60660967573949375886,0.00000024859657410773
id00935,0.39898142243573142540,0.00258431821192926315,0.59843425935232641422
id00110,0.93891269796866461128,0.00000263657117929572,0.06108466546016062121
id17476,0.99967905202873308390,0.00025418805875972801,0.00006675991251823241
id15170,0.99966551320797136793,0.00033448132323546137,0.00000000546881578680
id13397,0.77199586617609972095,0.00060582326893975373,0.22739831055496553813
id24283,0.99518080608087844396,0.00005208362526849423,0.00476711029384380147
id15234,0.99798803560766480292,0.00196248593843164352,0.00004947845390774300
id16884,0.98757436069494830555,0.01188225153170023064,0.00054338777334209554
id07831,0.94994975004596615697,0.00630272467957413915,0.04374752527447339778
id16038,0.94060485162226670219,0.04907227496454054372,0.01032287341319304032
id03629,0.98169408653873602155,0.01598004977879009803,0.00232586368247078741
id21019,0.91608146742465845769,0.05550031003136145225,0.02841822254398153336
id21835,0.76370800695574991845,0.05168473718361640129,0.18460725586063211900
id04480,0.41241071716940097547,0.58751582886651354531,0.00007345396410148071
id20838,0.99722623948857291865,0.00222725113022493974,0.00054650938119824109
id24195,0.88948285339489108203,0.02048842251033922146,0.09002872409477653826
id05448,0.99807902116016622429,0.00191767160430314628,0.00000330723554414778
id15957,0.45285232894263122150,0.53582260081209132085,0.01132507024527961564
id19956,0.39365532780909534560,0.00173305456030451691,0.60461161763060544683
id15104,0.39261989259164353783,0.00732902255215616728,0.60005108485620561876
id17559,0.88339467571302132676,0.09140454475234582876,0.02520077953463089465
id16839,0.68208204083918499983,0.01730040968439518906,0.30061754947640739744
id14493,0.88482455985095609385,0.00771647327502471194,0.10745896687401167158
id08833,0.99850280592663176460,0.00022533709827515430,0.00127185697507996949
id15723,0.19123917253348587941,0.03376585888213669284,0.77499496858437932900
id02716,0.99999564236227733716,0.00000433782509365320,0.00000001981264799477
id06689,0.45416937552370084674,0.54396561987600133836,0.00186500460028465962
id18837,0.80665820577165736616,0.00072478426078973629,0.19261700996756489501
id04466,0.99997698523995492970,0.00002275320033694491,0.00000026155970733152
id00686,0.99998404437609811346,0.00001595253557338287,0.00000000308831086780
id09010,0.88393288097062217012,0.11557802992429436206,0.00048908910509538515
id23353,0.99924567177784506811,0.00026008378314160499,0.00049424443901158752
id00066,0.97917409249463605025,0.01313698915286336602,0.00768891835250250927
id15724,0.89544642757513659426,0.08081127596926317158,0.02374229645559362833
id23486,0.57016210501756892093,0.00535974976014858343,0.42447814522228588530
id22258,0.39390735065183829500,0.00657619526017660851,0.59951645408799092429
id02292,0.91536862471751967441,0.04168361768341561496,0.04294775759906292734
id16356,0.93660456636373812245,0.00211580143992646727,0.06127963219630334912
id00235,0.99904526052035369510,0.00094836883122720837,0.00000637064840628533
id25522,0.45798534669175100520,0.00017577150288400147,0.54183888180535755286
id04204,0.62483427360725074529,0.36599008716789699358,0.00917563922485232705
id22016,0.76334737953948383904,0.08045332417284209447,0.15619929628767345586
id06480,0.99936375060090332223,0.00058606014220203900,0.00005018925688651186
id08718,0.42542930519229110731,0.00415983319986068870,0.57041086160784881809
id05251,0.41763955448115536173,0.58235124123833670318,0.00000920428051057338
id03359,0.99827483850849585423,0.00137136676288270487,0.00035379472861653684
id16117,0.40249252226462289839,0.00047638278438412267,0.59703109495100659121
id17000,0.29615650373092344827,0.70374716438596907064,0.00009633188309305621
id01730,0.96878306370375355527,0.03096718934873660817,0.00024974694752488165
id00630,0.99969429400752940484,0.00024845974079205538,0.00005724625167429814
id18175,0.38648234681481347108,0.02333713570082793926,0.59018051748436084480
id00907,0.94581394391474338246,0.04842144814388936458,0.00576460794136400209
id18251,0.47624792746789668119,0.52375029976832898626,0.00000177276379852633
id25861,0.72658269284873888694,0.13597096611193118521,0.13744634103932867886
id00398,0.96461773655474858380,0.02234135382175297599,0.01304090962350698026
id27573,0.99999204050933088173,0.00000791111880929132,0.00000004837185655415
id10022,0.67262977249269084723,0.00006121537637546996,0.32730901213091312396
id15901,0.40035619055691296087,0.00016708605936725115,0.59947672338372226530
id00451,0.45961729415739621674,0.00657461559366641270,0.53380809024892228454
id23129,0.97588818092578455410,0.02318354210814725300,0.00092827696605701749
id26498,0.98414032286531916149,0.01094392275813959106,0.00491575437653143325
id14741,0.84524520331437935639,0.14662518259407783527,0.00812961409155038908
id18453,0.53404598705160144512,0.00045088993009223760,0.46550312301830704120
id08309,0.95615315353965624201,0.04177448433433949421,0.00207236212599738300
id00320,0.99999960931592313251,0.00000039068320863815,0.00000000000086448612
id07688,0.47227155424223987712,0.02263517947890631571,0.50509326627886408367
id01556,0.39250431111045841481,0.00828732088551518281,0.59920836800401044986
id00178,0.99695759032321196180,0.00024230527838839459,0.00280010439839896690
id18902,0.40120827428890898370,0.00759977090787124655,0.59119195480322417335
id27002,0.75941026193496496965,0.20523181103971088746,0.03535792702532339349
id21418,0.99944802970443691326,0.00055163867065899895,0.00000033162491827631
id23018,0.66291376741159813157,0.11882230334957603890,0.21826392923882620423
id07032,0.73725990646492878255,0.00001606272829528190,0.26272403080677425580
id16195,0.97883038845164715980,0.00099254057860897658,0.02017707096974447403
id11202,0.84284505589091007760,0.14892198816284377139,0.00823295594624841136
id09578,0.92405733367391840183,0.01781233945920491710,0.05813032686687963357
id26984,0.82423794053259402670,0.05725728026316383168,0.11850477920424304368
id19856,0.95778298088101254670,0.04154162343392347329,0.00067539568505299748
id12086,0.77464365756501807336,0.04534371736843452461,0.18001262506654464035
id12052,0.36956392453531572428,0.02409132026160049067,0.60634475520309127905
id17728,0.39995956055268677698,0.00004898782356364736,0.59999145162371891882
id24608,0.98740963394899416983,0.00684341307091424628,0.00574695298007573459
id21097,0.44789741899181584328,0.00569248605880548833,0.54641009494937253788
id20179,0.39965029701100523996,0.00034969247063291526,0.60000001051833240506
id15144,0.95484014923948190567,0.00836694577459061971,0.03679290498593043579
id00206,0.99839558403886274895,0.00148699131159149979,0.00011742464954095449
id22285,0.37193721259395545742,0.03670690282560530593,0.59135588458043730764
id06417,0.78162344277650852575,0.01106028360944051603,0.20731627361404048049
id00215,0.76031808345545504046,0.23961958606572253405,0.00006233047881515087
id04201,0.81296720145512546551,0.01490834929502506991,0.17212444924984304784
id21771,0.96511742266214695096,0.02969657566276241376,0.00518600167508772008
id12451,0.40576773856524955830,0.01777101561110192018,0.57646124582364388633
id14250,0.73206360210164811431,0.01784798940044514740,0.25008840849791436067
id03433,0.99963992195720152711,0.00000287830401947425,0.00035719973878208129
id03303,0.40655154806500631848,0.01087865562252829030,0.58256979631246974538
id25901,0.76204119262524194767,0.04335175283236692573,0.19460705454239368706
id06945,0.99948267064892426514,0.00031931769318227634,0.00019801165789297073
id05664,0.94965908007623478504,0.00369034760973464956,0.04665057231402233717
id05741,0.99999999687183094288,0.00000000312809736606,0.00000000000009335854
id10652,0.96293867465953431051,0.01579930480581035607,0.02126202053465742550
id16300,0.99999398936279926264,0.00000594222402133804,0.00000006841318245077
id12319,0.93078079074095021461,0.00385882436939399484,0.06536038488965342785
id07500,0.94157426265801524856,0.05842570049966812340,0.00000003684233011252
id12478,0.44364020734291631509,0.10291214339481766227,0.45344764926226477364
id03076,0.40485337189268716385,0.00042704084656386659,0.59471958726076434854
id00969,0.98932410025466022141,0.00806296776603477455,0.00261293197929305093
id23636,0.33630926855259163366,0.63987962102241591200,0.02381111042499903935
id09791,0.37745927165286680127,0.08588153219836637542,0.53665919614876500532
id05680,0.79247142772904721753,0.00039757334077925385,0.20713099893019551456
id03672,0.42049418955889344973,0.01230998445771857783,0.56719582598339157720
id04286,0.51542603361589756084,0.23478211380439423239,0.24979185257969641065
id23883,0.40056131183132842599,0.00121693359223147037,0.59822175457645532237
id11914,0.91760751836610299215,0.00691218486161720123,0.07548029677227845180
id20974,0.99251665809488431869,0.00733732552893275394,0.00014601637616438329
id26125,0.43249589161075335797,0.00008641417679781298,0.56741769421244070415
id15543,0.66544288258626493882,0.00145052456027352063,0.33310659285344623726
id19471,0.99535970946138085935,0.00461995888265043057,0.00002033165596393129
id11503,0.99259209863817843278,0.00660213951619091372,0.00080576184562308859
id09321,0.58578125988335205676,0.23431868791068954927,0.17990005220596227975
id25560,0.39406829609205484832,0.00573479945663306519,0.60019690445132667378
id06726,0.65049522271738469126,0.02915339046532948453,0.32035138681728125842
id05709,0.99997238995145365514,0.00001409167959152454,0.00001351836895481549
id09788,0.50900918664517180723,0.08971704028587851321,0.40127377306894124187
id05289,0.99999839716667193734,0.00000160278480116670,0.00000000004852715759
id11815,0.44262924679798737460,0.55686908502613141625,0.00050166817587469429
id22422,0.94863329029212473120,0.00342852258438231319,0.04793818712349139088
id25954,0.94052067790896376476,0.05814343690675346371,0.00133588518427065145
id13601,0.82479263913344125214,0.04549165318021906185,0.12971570768633619575
id05677,0.98482948060217923025,0.00425230091131419130,0.01091821848652136349
id10498,0.92275926405295272126,0.07723195429063138551,0.00000878165642910226
id02665,0.98916223103977229947,0.00882436399461353389,0.00201340496560667871
id10114,0.77118317785035350731,0.00095929400029994938,0.22785752814932919152
id26314,0.99968636783582454086,0.00025245117037271610,0.00006118099381663164
id21240,0.46954675226407671662,0.06215906374761112629,0.46829418398830946479
id15569,0.99998889877591234931,0.00001110097758001998,0.00000000024651751971
id25928,0.79588172623104935788,0.01159262170611773286,0.19252565206282604149
id22706,0.84083022429215459326,0.15910740563980610429,0.00006237006805598454
id20877,0.17491044846589631767,0.77065257392571551165,0.05443697760836621602
id04318,0.85604173613182732439,0.07589312116514781992,0.06806514270302900516
id18299,0.97172450458661063788,0.00269061240715741216,0.02558488300621783451
id08126,0.40062155967023649339,0.00009946741513787445,0.59927897291461940110
id14293,0.99685707555038371996,0.00120811466665592007,0.00193480978295673678
id12759,0.99907664898197312553,0.00078002647055699437,0.00014332454746241035
id11983,0.99623397995419360473,0.00303005476986787986,0.00073596527594860250
id05580,0.99341706101192284173,0.00112639172540803596,0.00545654726265791274
id25846,0.85969428813183168536,0.07027112208558468354,0.07003458978258986223
id01939,0.86535632732566258873,0.00653877588212154089,0.12810489679221906401
id26327,0.39206456819173624018,0.29700591318113533923,0.31092951862712742139
id11068,0.33708967140024759246,0.00026758841356501115,0.66264274018619673257
id08404,0.99935737176136707482,0.00063280558810887232,0.00000982265052298427
id27189,0.99963649150140398980,0.00035715955567735717,0.00000634894295153618
id15119,0.52132769117422417260,0.14249143231884467409,0.33618087650692296542
id26525,0.99935276658629801361,0.00051223052251129499,0.00013500289118175774
id03618,0.93147055951453960887,0.06159576063010615415,0.00693367985535566986
id27220,0.99952881678049565473,0.00047076553007690164,0.00000041768944100903
id18777,0.24477092274410933159,0.02887152885049268716,0.72635754840539701327
id20213,0.89752280859644728572,0.07157762522374115643,0.03089956617981312950
id20403,0.99994471703304776966,0.00005340362348399081,0.00000187934345415140
id03777,0.90184507327967544654,0.00005027057726905067,0.09810465614308704063
id10595,0.99855077146032467095,0.00137488328273041886,0.00007434525695337459
id13816,0.79135047003579284119,0.00604401838924880416,0.20260551157496872743
id05667,0.40044496366311099766,0.00071255103027791187,0.59884248530660455501
id24629,0.86065229479784899347,0.00910443957793908958,0.13024326562421589815
id20398,0.59885775537530161472,0.00511189451873057289,0.39603035010596865373
id14108,0.39893326356755731688,0.00043365165330657703,0.60063308477914134631
id06196,0.38284003807717170709,0.61705878757511811727,0.00010117434770296302
id02800,0.99731019298307477250,0.00128002695903951368,0.00140978005789659769
id18732,0.40652717912750280238,0.59122857345265289464,0.00224424741983448878
id11915,0.34167726583859991951,0.62883467644629043036,0.02948805771509963036
id09739,0.99335430585417838767,0.00559458620152777312,0.00105110794428770263
id24672,0.99997651966058254125,0.00002347247885230465,0.00000000786054127225
id00414,0.39999036150879047069,0.00000933815397754091,0.60000030033726370338
id16307,0.99870486786155798775,0.00120129480926782603,0.00009383732915871603
id14043,0.54741535972755095418,0.02916082179462819654,0.42342381847782351034
id00517,0.39999718146054397128,0.00000280578033873579,0.60000001275912673293
id09744,0.99970727364145661742,0.00029272063879509544,0.00000000571976887238
id19257,0.99941990310613859627,0.00054211386702717249,0.00003798302682646063
id15437,0.99801385168358969224,0.00176973154069791838,0.00021641677570832026
id16352,0.35992189340137936693,0.03783568242133063253,0.60224242417730056154
id18849,0.93308420454568041791,0.01503944000734433982,0.05187635544697356826
id19434,0.36479400568795011806,0.63520574159581078000,0.00000025271622841608
id17928,0.59494120960047891522,0.00115058910299063190,0.40390820129653454140
id16896,0.41576285002522100909,0.02669778101589672173,0.55753936895888045466
id02135,0.42334321742760172569,0.11230956221375665294,0.46434722035863595924
id15075,0.99990238645757711922,0.00009327232697722745,0.00000434121545440405
id27486,0.83836066972865941338,0.16163765609110547494,0.00000167418020733036
id19422,0.99921971548749066727,0.00077477457013301750,0.00000550994236470686
id09603,0.53728246327529405324,0.35727091783835618344,0.10544661888634233871
id02133,0.85470420422255610760,0.14039577781644668741,0.00490001796099262445
id03441,0.99808361724086069877,0.00000124145807992727,0.00191514130107282182
id02398,0.41932487788506034310,0.58067192515541898867,0.00000319695952389903
id05152,0.94300334748873182455,0.00708521392089859255,0.04991143859037307229
id17838,0.80918998236071582042,0.00080175004105378033,0.19000826759822750378
id25060,0.99768715235786886719,0.00231238134535456273,0.00000046629679306629
id09998,0.43512071984412115100,0.00543159685198099738,0.55944768330388683353
id01828,0.75751166784072143656,0.13167742238771887320,0.11081090977157383171
id25377,0.87123462605400936454,0.02779392736729368457,0.10097144657870241180
id22175,0.95248907716853103977,0.04712629409451732365,0.00038462873695228406
id02974,0.41806881702627762820,0.03754276575919421322,0.54438841721451947109
id26955,0.99907880937500648244,0.00091997054535199727,0.00000122007962458568
id21091,0.99991917293235532682,0.00003726557485362961,0.00004356149278641973
id12802,0.99372783681883114504,0.00626088648518528280,0.00001127669597884392
id07432,0.40029377991370285184,0.59970605104256302642,0.00000016904370233451
id18749,0.72573835682403620151,0.04830045558707737885,0.22596118758888453226
id15030,0.39920391271033917047,0.00054239558220369973,0.60025369170747211456
id17155,0.99199722928846689740,0.00794248577059123578,0.00006028494094025441
id08128,0.39335689392044903556,0.50126842345667499412,0.10537468262288468557
id25706,0.45196195730658983436,0.22517128926359755714,0.32286675342982862347
id15645,0.99851720482354866526,0.00129307485507365594,0.00018972032137985734
id04943,0.99054106351482318349,0.00922468462354899058,0.00023425186161551829
id27566,0.63203058467747363913,0.00000081466420789255,0.36796860065829745112
id11765,0.69978240668400681912,0.01559876223305158016,0.28461883108295260580
id13783,0.77447633940443538769,0.05367703462705666895,0.17184662596850133753
id00492,0.39408997210187318716,0.00527588684356865723,0.60063414105456669478
id27636,0.45986813388871383701,0.00017187364353431748,0.53995999246774539770
id04273,0.99945857708158625243,0.00052653765721772945,0.00001488526122567934
id02537,0.39781725079690311020,0.06626570275628509976,0.53591704644681104064
id24349,0.99864774622348972954,0.00133944278880212750,0.00001281098770655366
id00023,0.39428998128621933761,0.60268759948307237817,0.00302241923069442465
id23025,0.99707190620657215607,0.00291486885801780235,0.00001322493541014723
id08722,0.99168944475272469141,0.00212692193640953448,0.00618363331086066014
id02420,0.99990471972249195254,0.00009528022731453335,0.00000000005019419332
id10811,0.99945831315820310436,0.00052522207021804882,0.00001646477158143861
id04019,0.40903543565453592823,0.00003933627076320382,0.59092522807466840717
id18334,0.98941378848383454425,0.00976088113856485654,0.00082533037760256325
id16781,0.83905595666936105825,0.13045702650122767419,0.03048701682941079918
id08773,0.99834232766069508358,0.00165247124627807733,0.00000520109303474088
id19214,0.99980416688928874791,0.00012693423741837412,0.00006889887330479220
id09589,0.37293586242226223204,0.60193592392385864009,0.02512821365387644251
id24246,0.99995087885546452000,0.00004907804841771434,0.00000004309610259634
id23577,0.98889154036566484507,0.01096840853158769988,0.00014005110274118216
id09305,0.87486537071157610690,0.04474919646343882007,0.08038543282498639142
id16460,0.91647440933063895052,0.04489915052861006423,0.03862644014075083260
id21115,0.99493692164077374152,0.00186406528373514783,0.00319901307548036513
id25996,0.53607818970883325260,0.09354393417764797491,0.37037787611352068762
id02551,0.39712021033971955930,0.00268771339908256517,0.60019207626118931120
id19352,0.39525068986502942536,0.00288425921304930836,0.60186505092191389110
id03806,0.41037656338398154077,0.00109937677070697567,0.58852405984530753447
id26544,0.94967899286912982326,0.00617115618792864282,0.04414985094293364526
id18761,0.99953240801493814516,0.00045159404669908941,0.00001599793834639249
id24148,0.98982631145804411688,0.00901085267031372095,0.00116283587166768668
id16095,0.84528014879648349922,0.10158054129529561771,0.05313930990820824041
id18442,0.99966625443512935334,0.00026779322010705840,0.00006595234475585621
id22596,0.39763483641010927139,0.00228357629352788976,0.60008158729635097117
id23002,0.38293787053910577356,0.03251325724875285539,0.58454887221214157922
id04797,0.99993388629374801990,0.00006577874478405468,0.00000033496147317570
id06610,0.46294065080112045685,0.00011893326129829295,0.53694041593758623510
id16173,0.65253382204493981522,0.18981891968241143553,0.15764725827265080316
id18292,0.40841981079052352976,0.00118972294574460854,0.59039046626372604365
id27328,0.99436078881781619909,0.00545183804171465222,0.00018737314047764496
id01695,0.62605426467358826770,0.37261076188772179751,0.00133497343867802635
id05761,0.96356058773482722302,0.01015326988873796639,0.02628614237643308107
id16354,0.99838031583734077046,0.00125523038601531452,0.00036445377665718170
id12207,0.44722424484797473898,0.01372950243879348352,0.53904625271323436397
id05665,0.50772269048640539246,0.00023517659783853692,0.49204213291575843447
id01911,0.98570653502968563764,0.01124998442042997662,0.00304348054988467067
id19153,0.43928787204843161573,0.00020777930279905043,0.56050434864877107799
id10295,0.97859448462734066609,0.01980769787829056786,0.00159781749437825694
id23038,0.68105039306215875428,0.18319440261673089476,0.13575520432111110036
id23783,0.96966161585903543063,0.03012166204326969382,0.00021672209767839757
id27879,0.99986809557552258632,0.00013031287557700803,0.00000159154891411263
id19190,0.34587054052142796046,0.65143560434567160389,0.00269385513289632826
id05065,0.98427817363511360682,0.01518451429945280595,0.00053731206542328601
id21296,0.83111636559660739820,0.14741886028452602653,0.02146477411886848347
id13262,0.43562637811156745826,0.04259115553225342743,0.52178246635617564486
id10333,0.99981889024724068804,0.00018101630017573010,0.00000009345260640787
id16677,0.99989158250423837426,0.00000001345337088421,0.00010840404241872290
id01392,0.86800793435967416034,0.03163929660329775628,0.10035276903702103346
id27874,0.94824934183538878152,0.03017704771226666083,0.02157361045234064412
id02294,0.32613779070581822017,0.62719197909541901659,0.04667023019876120893
id18298,0.40434700626732883455,0.01117572882745090750,0.58447726490521334508
id06997,0.99999722720926176311,0.00000267143508517347,0.00000010135564278318
id05243,0.50799632394929039592,0.15444237235612964798,0.33756130369458103857
id00860,0.98341148418016177679,0.00027916117020682931,0.01630935464963525691
id26681,0.99907198119317930374,0.00092051422753819672,0.00000750457928717900
id06020,0.40014088721881208022,0.00000005348568617676,0.59985905929549632187
id27683,0.96100558378607725540,0.01020637768029322712,0.02878803853363290713
id17655,0.70954233871004213086,0.29045730715157069834,0.00000035413838307270
id08817,0.43061336269536221177,0.00071594376849451696,0.56867069353615262717
id11512,0.39000913975534784450,0.00988528177772596099,0.60010557846692069717
id00478,0.67989925191773425972,0.00037278175301219105,0.31972796632926731020
id02116,0.99880853387716972414,0.00116955831035088107,0.00002190781249394357
id06746,0.98685156792992190233,0.01003650053805026261,0.00311193153203377388
id03863,0.64760391200441980164,0.22664140629720169740,0.12575468169837508703
id01802,0.94252237949675232720,0.03554481387516986862,0.02193280662806881484
id11682,0.99302086711716186507,0.00057994941545578334,0.00639918346737570337
id04033,0.97744409336449722403,0.01425282186976199565,0.00830308476575185306
id09286,0.98499348500853733945,0.00390666881246213519,0.01109984617899170689
id12904,0.99977387792356209317,0.00022441094897846455,0.00000171112746760341
id07420,0.39864924805492663040,0.00136848671249231355,0.59998226523256159570
id22398,0.39846807410955403794,0.60153184283755334327,0.00000008305289140677
id00424,0.39774335543165451057,0.01160921083537183943,0.59064743373295902629
id20960,0.99853465570478472380,0.00146200785910448653,0.00000333643612417722
id10267,0.95273086774437276691,0.02591217660835866757,0.02135695564726869042
id19330,0.85715377596038755392,0.01730103068597810614,0.12554519335364669463
id00994,0.38080609578933294346,0.61881263122380059105,0.00038127298686275519
id10785,0.95258444900434091629,0.02582990927197554437,0.02158564172369095702
id00955,0.50487320810360292178,0.42921616523111560948,0.06591062666527539027
id09757,0.36503105566957622097,0.63484903036577478019,0.00011991396463776073
id10030,0.30523570142575245923,0.07839676586844536443,0.61636753270580513231
id22952,0.47254561900711938849,0.01593245277891619169,0.51152192821396524902
id21955,0.35229554131303780773,0.03595833528478392660,0.61174612340217415785
id07674,0.94481995764140602745,0.03614651075185868617,0.01903353160672825728
id13760,0.84274896202420657154,0.15712565222953317479,0.00012538574625313656
id18166,0.99998754255004518310,0.00001231813945776276,0.00000013931048212366
id23498,0.94512327419187502908,0.04982813544828734731,0.00504859035984130816
id05296,0.99354513372271147098,0.00625760285684551221,0.00019726342044950105
id26709,0.99989131236713979511,0.00009597053812852598,0.00001271709472274284
id02853,0.99458917106330479996,0.00524230120466640664,0.00016852773202841913
id06800,0.66736830696346627345,0.04759288393170927473,0.28503880910483186950
id14758,0.99731457509208876200,0.00002145074887106836,0.00266397415906329546
id12356,0.99998725997626292106,0.00001272987702811371,0.00000001014671554479
id21492,0.99249094966656536965,0.00670943890659821476,0.00079961142684251976
id27540,0.99999756610717571714,0.00000084788732375057,0.00000158600552885138
id07376,0.93486472826879696285,0.00089845250674163574,0.06423681922446623782
id15201,0.99373632201194073144,0.00614757496742639187,0.00011610302062191379
id23388,0.53278926359387179801,0.33556655224396664261,0.13164418416216466801
id13923,0.99788852623468593528,0.00208158586024795745,0.00002988790507146824
id00794,0.40951445584314433157,0.58820179693812235655,0.00228374721871980489
id23910,0.92821356412555133808,0.00015729649935796472,0.07162913937508329221
id02556,0.34621947694160332132,0.06693798727324819231,0.58684253578514689043
id22151,0.46407650444838077775,0.53591676651251751728,0.00000672903909830602
id11698,0.22682820701324099555,0.73959835066087598054,0.03357344232588471006
id11627,0.98566406461407141126,0.00854830394649556437,0.00578763143943119337
id06340,0.99611677088851180439,0.00381690561104282289,0.00006632350042842446
id05123,0.98661255260592373162,0.00550738236497229881,0.00788006502910685962
id26620,0.40002458694234138692,0.00039392074646961195,0.59958149231118929023
id04002,0.41594607107259373713,0.00261607432434888100,0.58143785460304653334
id26554,0.92779819255580819881,0.00822001417548769674,0.06398179326868741468
id18012,0.46159529420908940178,0.00006791837108551877,0.53833678741985913074
id12964,0.32201427364345241999,0.08257572690314327057,0.59540999945340133959
id18965,0.53297979777209580909,0.01870865448703882758,0.44831154774087683679
id19082,0.59373355906413061156,0.00031968377734281265,0.40594675715853256737
id26742,0.40022044678929769024,0.00000803836949625122,0.59977151484123025771
id15442,0.97975347467860252060,0.01950562102406210724,0.00074090429732098307
id16647,0.80725344916881969226,0.00919398221385182325,0.18355256861732818785
id11544,0.61741530209583161959,0.01182881897521609327,0.37075587892895467412
id20581,0.57073774718036585085,0.08929620382326880490,0.33996604899636917452
id13192,0.99195463018821261603,0.00527626475641289859,0.00276910505537907850
id15814,0.55033694233578744903,0.00298166233416238867,0.44668139533006262498
id26279,0.70908305053971465437,0.29021831214359150586,0.00069863731670771301
id00240,0.98973824278077682237,0.00824307607906319198,0.00201868114016389355
id22836,0.99989157901883374269,0.00010834916506039680,0.00000007181608969922
id15085,0.41973058030553173081,0.00997113967841698791,0.57029828001606996946
id17495,0.63739131252316005849,0.06072334643168175033,0.30188534104515440948
id26762,0.99772276278918659020,0.00000121044023528867,0.00227602677059187374
id13685,0.99993567695157570263,0.00006336165647541214,0.00000096139196166941
id16560,0.52022069820417093933,0.47926280502569496011,0.00051649677014984946
id17184,0.39787523807605873483,0.60153534465976632450,0.00058941726416458361
